..64-

Honorius scholasticus.

Ries. anthoI 333, 20.
·. Symmachua
Meyer. anthol. 233, 4.

1133331133 Fortunatus (ed. Leo).
l, 5, 4, 6, 4, 6, 22, 9, 20, 13, 18, 15, 50, 19,

8, II, 9, 30, 10,4; 13, 6, 16, 72, ΙΠ, 6, 34, 6, 38, 7, 48,

8, 44, 9, 88, 9, 106, 10, 16, 19, 10, 23, 16, 29, 18, IV,

l, 14, 3, 10, 10, 13, 24, 12, 24, 76, 24,116, 24, 138, 28,

10, V, 2, 72, 9, 4, 19, 4,Ι11, 1¹³, 32, 2, 108, 3, 32,4, 10, 5,

346, VII, 8, 60, 16, 44, 22, 4, 24, 2, 25,16, VIII, l, 24, 3,

298, 3, 334, 3, 352, 7, 14, IX, 1, 28, 1, 56, 2, 8, 2, 12, 2,

44, X, 8, 10, 11, 8, 1316, 121, 10,16, 4, 17, 30, 19, 4,

XI, 3,4, 11, 12, 14,2, 22·,6, app. 2, 2, 2, 28, 2, 74, 3, 24,

13, 4, 28, 14, app. spur. l, 6, 1, 132, 1, 296, 11, 13, 74,ἸΠ, 3,

33,1ο,13, 1333,113,133,14,13,11,33,111,4,3;333, ‘

’5,120, VII, 5, 24, VIII, 2, 18, 15, 12, ’9, 12, 21, 6, X, 12, 8,
14, 12, XI, 8, 6, app.3, 12, app. spur. 1, 82, 1, 314, l, 344, Ι,
1,24, 10, 8, ΙΙ, 6, 46, 8, 20, 12, 28, IV, l, 8, VI, 5, 312, VH,

3, 3311111, 3, 343, 3, 333,3, 31311, 3, 30, 3, 3, 13, 3, app, 1
2, 48, app. spur. 1, 258, Ι, 15, 28, Π, 16, 42, ΙΠ, 20, 4, IV, 4, ἶ

31,111,33,13,11, 3, 33, 111, 3, 13, vl, 3, 333, 111, 1, 33,

111, 3, 33, 1111, 3, 31, [13, 1313313, 3, 133, 111, 33, 3,

app. spur. 11, 12, 11, 1, 14, ΠΙ, 18, 4.
1113833133 1313331133 (ed. 111νί3331133. a. 1651).

1113111133,1113,3,313.1ο,1111,3,33,1113,1111333. i

Maximianua

el. II, 26(311, Baehrens poet. 131. min. V), 311, 160.

Haec habemus exempla pentametri mediae syllabae apud 1

poetas Romanos 113331133 habitae ab eo tempore, quo elegos

componere didicerunt usque ad sextum septimumque p. chr.

11. saeculum.

-a-—n-—uu—-n-o-

 

